[gd_scene load_steps=9 format=3 uid="uid://dao8m2k2spjp4"]

[ext_resource type="Script" uid="uid://dljn8f1nwqx76" path="res://scripts/WaterCollector.cs" id="1_iafge"]
[ext_resource type="Script" uid="uid://bg67704cqo5ma" path="res://scripts/SpecialVoxelData.cs" id="2_6fqfe"]

[sub_resource type="Resource" id="Resource_gc728"]
script = ExtResource("2_6fqfe")
name = "WATEROUTPUT"
voxel_position = Vector3i(0, -2, -1)
voxel_flags = 5
FlagDirections = 32
SupportDirections = 0

[sub_resource type="CylinderMesh" id="CylinderMesh_6fqfe"]
top_radius = 1.0
bottom_radius = 1.0
height = 3.0

[sub_resource type="SphereMesh" id="SphereMesh_6fqfe"]
radius = 1.25
height = 0.8
is_hemisphere = true

[sub_resource type="CylinderMesh" id="CylinderMesh_gc728"]
top_radius = 1.25
bottom_radius = 1.35
height = 1.0

[sub_resource type="BoxMesh" id="BoxMesh_gc728"]
size = Vector3(0.9, 0.9, 0.9)

[sub_resource type="BoxMesh" id="BoxMesh_6fqfe"]
size = Vector3(0.5, 0.35, 0.9)

[node name="Node3D" type="Node3D"]
transform = Transform3D(1, 0, 0, 0, 1, 0, 0, 0, 1, 0, 0.5, 0)
script = ExtResource("1_iafge")
grid_height = 5
grid_offset = Vector3(0, 2, 0)
special_voxel_data = Array[Object]([SubResource("Resource_gc728")])
display_name = "Water Collector"
display_description = "A basic water collector"
building_category = 2

[node name="CSGBox3D" type="CSGBox3D" parent="."]
transform = Transform3D(1, 0, 0, 0, 1, 0, 0, 0, 1, 0, 2, 0)
visible = false
use_collision = true
size = Vector3(3, 5, 3)

[node name="MeshInstance3D" type="MeshInstance3D" parent="."]
transform = Transform3D(1, 0, 0, 0, 1, 0, 0, 0, 1, 0, 2, 0)
mesh = SubResource("CylinderMesh_6fqfe")

[node name="MeshInstance3D3" type="MeshInstance3D" parent="."]
transform = Transform3D(1, 0, 0, 0, 1, 0, 0, 0, 1, 0, 3.47362, 0)
mesh = SubResource("SphereMesh_6fqfe")

[node name="MeshInstance3D2" type="MeshInstance3D" parent="."]
mesh = SubResource("CylinderMesh_gc728")

[node name="MeshInstance3D9" type="MeshInstance3D" parent="."]
transform = Transform3D(1, 0, 0, 0, 1, 0, 0, 0, 1, 0, 0, -1.05)
mesh = SubResource("BoxMesh_gc728")

[node name="MeshInstance3D10" type="MeshInstance3D" parent="."]
transform = Transform3D(0.707107, 0, 0.707107, 0, 1, 0, -0.707107, 0, 0.707107, -1, -0.3, -1)
mesh = SubResource("BoxMesh_6fqfe")

[node name="MeshInstance3D11" type="MeshInstance3D" parent="."]
transform = Transform3D(0.707107, 0, -0.707107, 0, 1, 0, 0.707107, 0, 0.707107, 1, -0.3, -1)
mesh = SubResource("BoxMesh_6fqfe")

[node name="MeshInstance3D12" type="MeshInstance3D" parent="."]
transform = Transform3D(0.707107, 0, -0.707107, 0, 1, 0, 0.707107, 0, 0.707107, -1, -0.3, 1)
mesh = SubResource("BoxMesh_6fqfe")

[node name="MeshInstance3D13" type="MeshInstance3D" parent="."]
transform = Transform3D(0.707107, 0, 0.707107, 0, 1, 0, -0.707107, 0, 0.707107, 1, -0.3, 1)
mesh = SubResource("BoxMesh_6fqfe")
